58 0 -82.000000 2
85 0 -89.142857 1
110 0 -90.318182 0
111 0 -95.000000 0
114 0 -45.000000 2
134 0 -81.000000 1
141 0 -45.000000 1
143 0 -69.000000 1
160 0 -95.000000 0
161 0 -79.000000 2
169 0 -72.200000 1
172 0 -69.833333 1
184 0 -81.000000 1
185 0 -74.500000 0
187 0 -70.000000 2
199 0 -71.000000 1
200 0 -71.000000 1
205 0 -84.500000 2
206 0 -83.000000 1
208 0 -84.000000 0
209 0 -74.666667 0
210 0 -73.000000 0
230 0 -87.000000 2
234 0 -75.000000 0
251 0 -69.000000 1
254 0 -87.000000 1
255 0 -87.000000 1
256 0 -66.000000 1
257 0 -79.000000 1
258 0 -75.500000 0
281 0 -80.666667 1
282 0 -82.090909 1
283 0 -81.500000 1
285 0 -92.000000 1
305 0 -82.000000 1
306 0 -78.333333 1
307 0 -78.500000 1
309 0 -79.500000 1
311 0 -82.000000 1
313 0 -82.833333 1
332 0 -79.666667 1
338 0 -74.000000 1
339 0 -74.000000 1
349 0 -79.000000 1
367 0 -75.250000 1
368 0 -74.500000 1
369 0 -76.000000 1
373 0 -79.000000 1
383 0 -76.000000 1
395 0 -79.000000 1
33 1 -83.600000 1
57 1 -74.000000 2
58 1 -70.285714 2
85 1 -89.388889 1
86 1 -70.833333 0
87 1 -59.636364 0
105 1 -69.200000 2
110 1 -87.133333 0
130 1 -76.000000 1
135 1 -71.000000 0
142 1 -58.000000 1
167 1 -86.208333 1
171 1 -62.000000 1
179 1 -78.000000 1
198 1 -66.000000 1
215 1 -81.250000 1
219 1 -85.000000 1
220 1 -72.625000 1
222 1 -75.400000 2
232 1 -81.333333 0
239 1 -90.000000 1
240 1 -81.600000 1
243 1 -86.666667 1
244 1 -76.875000 1
245 1 -86.000000 1
261 1 -72.500000 1
263 1 -76.000000 1
264 1 -77.461538 1
274 1 -72.000000 2
285 1 -80.800000 1
309 1 -84.285714 1
318 1 -79.333333 1
346 1 -76.333333 1
383 1 -77.000000 1
