121.432309,31.027435 121.43416,31.023397 121.437542,31.024509 121.435252,31.028392 3
121.43482,31.028342 121.436976,31.025 121.439033,31.025727 121.437237,31.029077 2
121.437407,31.029154 121.439105,31.025712 121.439689,31.025866 121.438539,31.029495 1
121.437273,31.025062 121.437632,31.024598 121.441126,31.025843 121.440947,31.026284 1
121.438575,31.029626 121.44012,31.024837 121.443291,31.025766 121.440929,31.03033 3
121.440929,31.03033 121.440929,31.03033 121.440929,31.03033 121.442582,31.030895 1
121.442582,31.030895 121.444576,31.027166 121.450361,31.028922 121.448151,31.032721 2
121.447747,31.034639 121.450604,31.030117 121.453496,31.030891 121.451286,31.035618 3
121.451403,31.030044 121.451717,31.029417 121.455392,31.030539 121.454951,31.031127 2
121.450954,31.037718 121.453289,31.031243 121.454646,31.031916 121.451816,31.037988 2
121.451807,31.037919 121.453298,31.035405 121.454718,31.035521 121.454718,31.035521 2
121.45346,31.035297 121.455409,31.030833 121.456658,31.03091 121.454745,31.035413 3
121.448331,31.037176 121.449148,31.035188 121.450972,31.035629 121.449741,31.037447 2
121.441486,31.034074 121.441989,31.0331 121.448978,31.035312 121.448421,31.036163 3
121.444648,31.035993 121.445007,31.035188 121.448493,31.036318 121.448223,31.037153 2
121.43822,31.033981 121.438436,31.033409 121.444778,31.035219 121.444491,31.035931 3
121.439739,31.033653 121.440331,31.032384 121.441715,31.032972 121.441176,31.034179 1
121.445604,31.034005 121.446314,31.032604 121.448147,31.033208 121.447365,31.034515 2
121.444347,31.033533 121.445048,31.031877 121.446575,31.032465 121.446575,31.032465 3
121.441912,31.032798 121.442667,31.031289 121.444913,31.032117 121.444751,31.03361 1
121.438265,31.031537 121.438975,31.030044 121.442389,31.031166 121.441769,31.032713 3
121.436999,31.032914 121.43761,31.031498 121.439532,31.032218 121.439119,31.033486 3
121.435534,31.032987 121.43734,31.029444 121.438526,31.029769 121.436873,31.033243 1
121.433783,31.032427 121.434448,31.030972 121.436082,31.031591 121.435588,31.032875 1
121.435588,31.032875 121.435391,31.028736 121.437295,31.029464 121.436451,31.031564 2
121.430558,31.031316 121.431133,31.029939 121.434367,31.031022 121.433684,31.032423 3
121.431223,31.029893 121.432238,31.027727 121.437367,31.029437 121.436379,31.031634 2