25 0 -85.571429
33 0 -80.090909
58 0 -82.000000
82 0 -79.000000
85 0 -89.142857
110 0 -90.318182
111 0 -95.000000
114 0 -45.000000
134 0 -81.000000
141 0 -45.000000
143 0 -69.000000
159 0 -81.000000
160 0 -95.000000
161 0 -79.000000
169 0 -72.200000
172 0 -69.833333
184 0 -81.000000
185 0 -74.500000
187 0 -70.000000
198 0 -69.666667
199 0 -71.000000
200 0 -71.000000
205 0 -84.500000
206 0 -83.000000
208 0 -84.000000
209 0 -74.666667
210 0 -73.000000
226 0 -69.000000
230 0 -87.000000
234 0 -75.000000
251 0 -69.000000
254 0 -87.000000
255 0 -87.000000
256 0 -66.000000
257 0 -79.000000
258 0 -75.500000
281 0 -80.666667
282 0 -82.090909
283 0 -81.500000
285 0 -92.000000
300 0 -70.384615
305 0 -82.000000
306 0 -78.333333
307 0 -78.500000
309 0 -79.500000
310 0 -80.000000
311 0 -82.000000
313 0 -82.833333
332 0 -79.666667
338 0 -74.000000
339 0 -74.000000
341 0 -83.000000
349 0 -79.000000
367 0 -75.250000
368 0 -74.500000
369 0 -76.000000
373 0 -79.000000
383 0 -76.000000
395 0 -79.000000
33 1 -83.600000
57 1 -74.000000
58 1 -70.285714
85 1 -89.388889
86 1 -70.833333
87 1 -59.636364
105 1 -69.200000
110 1 -87.133333
130 1 -76.000000
135 1 -71.000000
142 1 -58.000000
167 1 -86.208333
171 1 -62.000000
179 1 -78.000000
190 1 -87.000000
198 1 -66.000000
215 1 -81.250000
219 1 -85.000000
220 1 -72.625000
222 1 -75.400000
232 1 -81.333333
239 1 -90.000000
240 1 -81.600000
243 1 -86.666667
244 1 -76.875000
245 1 -86.000000
261 1 -72.500000
263 1 -76.000000
264 1 -77.461538
274 1 -72.000000
285 1 -80.800000
292 1 -76.666667
309 1 -84.285714
318 1 -79.333333
346 1 -76.333333
383 1 -77.000000
