121.438320 31.026184 1 -90.000000
121.438320 31.026184 1 -85.000000
121.438320 31.026184 1 -90.000000
121.446602 31.031473 1 -86.000000
121.446586 31.031470 1 -86.000000
121.446586 31.031470 1 -88.000000
121.438159 31.033954 0 -90.000000
121.438159 31.033954 0 -91.000000
121.438159 31.033954 0 -93.000000
121.438159 31.033954 0 -94.000000
121.438540 31.026032 1 -88.000000
121.438583 31.026100 0 -92.000000
121.438223 31.026219 0 -92.000000
121.438519 31.026019 0 -94.000000
121.438583 31.025903 0 -94.000000
121.447465 31.031148 1 -72.000000
121.447465 31.031148 1 -78.000000
121.447465 31.031148 1 -79.000000
121.447465 31.031148 1 -80.000000
121.447465 31.031148 1 -82.000000
121.447465 31.031148 1 -71.000000
121.447465 31.031148 1 -82.000000
121.447465 31.031148 1 -71.000000
121.439028 31.027760 1 -71.000000
121.443441 31.031568 1 -78.000000
121.443441 31.031568 1 -81.000000
121.443441 31.031568 1 -86.000000
121.443900 31.030884 1 -86.000000
121.443736 31.030593 1 -86.000000
121.443736 31.030593 1 -81.000000
121.443736 31.030593 1 -83.000000
121.443736 31.030593 1 -84.000000
121.443736 31.030593 1 -85.000000
121.443736 31.030593 1 -83.000000
121.443736 31.030593 1 -84.000000
121.443736 31.030593 1 -81.000000
121.443827 31.030492 1 -75.000000
121.443827 31.030492 1 -77.000000
121.443827 31.030492 1 -79.000000
121.443827 31.030492 1 -76.000000
121.443827 31.030492 1 -77.000000
121.443827 31.030492 1 -79.000000
121.443827 31.030492 1 -81.000000
121.443827 31.030492 1 -78.000000
121.443827 31.030492 1 -76.000000
121.443827 31.030492 1 -78.000000
121.445525 31.029052 1 -81.000000
121.445525 31.029052 1 -83.000000
121.445525 31.029052 1 -85.000000
121.445525 31.029052 1 -83.000000
121.445525 31.029052 1 -85.000000
121.445525 31.029052 1 -83.000000
121.445525 31.029052 1 -81.000000
121.445525 31.029052 1 -82.000000
121.445525 31.029052 1 -80.000000
121.445525 31.029052 1 -78.000000
121.445525 31.029052 1 -84.000000
121.445525 31.029052 1 -90.000000
121.445525 31.029052 1 -88.000000
121.445525 31.029052 1 -90.000000
121.445525 31.029052 1 -88.000000
121.445525 31.029052 1 -90.000000
121.445525 31.029052 1 -92.000000
121.445525 31.029052 1 -94.000000
121.445525 31.029052 1 -96.000000
121.445525 31.029052 1 -99.000000
121.445525 31.029052 1 -98.000000
121.445525 31.029052 1 -82.000000
121.445525 31.029052 1 -78.000000
121.445525 31.029052 1 -79.000000
121.438264 31.026175 0 -81.000000
121.438264 31.026175 0 -87.000000
121.438264 31.026175 0 -89.000000
121.438264 31.026175 0 -91.000000
121.438264 31.026175 0 -93.000000
121.442312 31.032947 1 -60.000000
121.442398 31.032984 1 -66.000000
121.442380 31.032983 1 -69.000000
121.442380 31.032983 1 -75.000000
121.442380 31.032983 1 -76.000000
121.442380 31.032983 1 -74.000000
121.442380 31.032983 1 -72.000000
121.442380 31.032983 1 -69.000000
121.442380 31.032983 1 -81.000000
121.442380 31.032983 1 -83.000000
121.442380 31.032983 1 -85.000000
121.442380 31.032983 1 -81.000000
121.442380 31.032983 1 -85.000000
121.442380 31.032983 1 -83.000000
121.442380 31.032983 1 -82.000000
121.442380 31.032983 1 -80.000000
121.442380 31.032983 1 -79.000000
121.442380 31.032983 1 -80.000000
121.442380 31.032983 1 -81.000000
121.442380 31.032983 1 -80.000000
121.442380 31.032983 1 -82.000000
121.442380 31.032983 1 -80.000000
121.442380 31.032983 1 -78.000000
121.442380 31.032983 1 -79.000000
121.442380 31.032983 1 -78.000000
121.442380 31.032983 1 -76.000000
121.435553 31.031635 1 -82.000000
121.435553 31.031635 1 -80.000000
121.435553 31.031635 1 -82.000000
121.438187 31.026175 0 -87.000000
121.438561 31.026026 0 -96.000000
121.438660 31.026025 0 -96.000000
121.438549 31.026040 0 -96.000000
121.438549 31.026040 0 -94.000000
121.438549 31.026040 0 -92.000000
121.438660 31.026025 0 -89.000000
121.438635 31.026016 0 -97.000000
121.438621 31.026001 0 -93.000000
121.443707 31.030561 1 -89.000000
121.443707 31.030561 1 -87.000000
121.443707 31.030561 1 -85.000000
121.443680 31.030078 1 -87.000000
121.443680 31.030078 1 -86.000000
121.443680 31.030078 1 -85.000000
121.443947 31.030709 1 -81.000000
121.444023 31.030734 1 -83.000000
121.444023 31.030734 1 -85.000000
121.443619 31.031487 1 -79.000000
121.443619 31.031487 1 -84.000000
121.443686 31.030039 1 -90.000000
121.443876 31.030657 1 -90.000000
121.443732 31.030679 1 -90.000000
121.443937 31.030717 1 -84.000000
121.443937 31.030717 1 -83.000000
121.443937 31.030717 1 -81.000000
121.443937 31.030717 1 -80.000000
121.443937 31.030717 1 -78.000000
121.443862 31.030449 1 -74.000000
121.443689 31.030982 1 -74.000000
121.443876 31.030657 1 -74.000000
121.443563 31.030265 1 -78.000000
121.448590 31.030573 1 -82.000000
121.448590 31.030573 1 -80.000000
121.448590 31.030573 1 -78.000000
121.448590 31.030573 1 -68.000000
121.448590 31.030573 1 -67.000000
121.448590 31.030573 1 -69.000000
121.448590 31.030573 1 -71.000000
121.448590 31.030573 1 -66.000000
121.451378 31.029254 1 -66.000000
121.449775 31.028818 1 -66.000000
121.449775 31.028818 1 -58.000000
121.445268 31.027402 1 -58.000000
121.438354 31.026138 0 -88.000000
121.438477 31.026085 0 -90.000000
121.438357 31.026135 0 -91.000000
121.438564 31.026008 0 -90.000000
121.438564 31.026008 0 -89.000000
121.438269 31.026122 0 -89.000000
121.438451 31.026074 0 -75.000000
121.438451 31.026074 0 -77.000000
121.438451 31.026074 0 -45.000000
121.442578 31.026709 0 -45.000000
121.444855 31.027295 0 -45.000000
121.446308 31.027727 0 -69.000000
121.447793 31.028106 0 -69.000000
121.447793 31.028106 0 -74.000000
121.447793 31.028106 0 -72.000000
121.447793 31.028106 0 -74.000000
121.447793 31.028106 0 -72.000000
121.450510 31.028923 0 -74.000000
121.450510 31.028923 0 -72.000000
121.450510 31.028923 0 -70.000000
121.450510 31.028923 0 -68.000000
121.450781 31.029055 0 -67.000000
121.450781 31.029055 0 -68.000000
121.451388 31.029212 0 -68.000000
121.451388 31.029212 0 -70.000000
121.451409 31.029278 0 -71.000000
121.452462 31.029602 0 -71.000000
121.453458 31.029977 0 -74.000000
121.453458 31.029977 0 -68.000000
121.455123 31.031127 0 -68.000000
121.454947 31.030986 0 -68.000000
121.454947 31.030986 0 -70.000000
121.454912 31.031281 0 -70.000000
121.453901 31.033601 0 -67.000000
121.453901 31.033601 0 -68.000000
121.453901 31.033601 0 -66.000000
121.453901 31.033601 0 -67.000000
121.453901 31.033601 0 -69.000000
121.453901 31.033601 0 -71.000000
121.453901 31.033601 0 -72.000000
121.453901 31.033601 0 -71.000000
121.453901 31.033601 0 -69.000000
121.453901 31.033601 0 -67.000000
121.453901 31.033601 0 -72.000000
121.453901 31.033601 0 -79.000000
121.453901 31.033601 0 -77.000000
121.452592 31.035967 0 -81.000000
121.452592 31.035967 0 -79.000000
121.452592 31.035967 0 -77.000000
121.451897 31.036404 0 -79.000000
121.449125 31.037247 0 -80.000000
121.449125 31.037247 0 -78.000000
121.447535 31.037000 0 -74.000000
121.447535 31.037000 0 -76.000000
121.447535 31.037000 0 -78.000000
121.447535 31.037000 0 -76.000000
121.446430 31.036608 0 -78.000000
121.446430 31.036608 0 -71.000000
121.445360 31.036276 0 -71.000000
121.445360 31.036276 0 -74.000000
121.445360 31.036276 0 -77.000000
121.445360 31.036276 0 -79.000000
121.444438 31.035703 0 -83.000000
121.442932 31.035419 0 -74.000000
121.442703 31.035405 0 -74.000000
121.441917 31.035198 0 -74.000000
121.441385 31.035029 0 -80.000000
121.441385 31.035029 0 -82.000000
121.441385 31.035029 0 -83.000000
121.441385 31.035029 0 -85.000000
121.441385 31.035029 0 -84.000000
121.441385 31.035029 0 -83.000000
121.439974 31.034560 0 -81.000000
121.439974 31.034560 0 -83.000000
121.438924 31.034254 0 -81.000000
121.438924 31.034254 0 -79.000000
121.435481 31.033277 0 -90.000000
121.435481 31.033277 0 -89.000000
121.436254 31.033373 0 -89.000000
121.435862 31.033259 0 -87.000000
121.435265 31.033136 0 -87.000000
121.433525 31.032499 0 -87.000000
121.432778 31.032391 0 -87.000000
121.433176 31.031549 0 -87.000000
121.433226 31.031234 0 -87.000000
121.433951 31.030964 0 -87.000000
121.433951 31.030964 0 -82.000000
121.434609 31.030339 0 -82.000000
121.434609 31.030339 0 -84.000000
121.436666 31.030579 0 -84.000000
121.436792 31.030637 0 -84.000000
121.437158 31.029736 0 -84.000000
121.437158 31.029736 0 -77.000000
121.437158 31.029736 0 -80.000000
121.437158 31.029736 0 -83.000000
121.437669 31.028546 0 -79.000000
121.437669 31.028546 0 -81.000000
121.437669 31.028546 0 -83.000000
121.437669 31.028546 0 -81.000000
121.437669 31.028546 0 -83.000000
121.437728 31.027791 0 -81.000000
121.443128 31.031452 1 -90.000000
121.438553 31.026011 1 -87.000000
121.438553 31.026011 1 -88.000000
121.439118 31.026525 0 -95.000000
121.439231 31.026956 0 -95.000000
121.438883 31.028220 0 -95.000000
121.439349 31.028308 0 -95.000000
121.439349 31.028308 0 -63.000000
121.441104 31.029550 0 -63.000000
121.441104 31.029550 0 -70.000000
121.441104 31.029550 0 -72.000000
121.441104 31.029550 0 -75.000000
121.437676 31.028534 0 -79.000000
121.437676 31.028534 0 -81.000000
121.435886 31.025589 0 -76.000000
121.435886 31.025589 0 -78.000000
121.435886 31.025589 0 -80.000000
121.435886 31.025589 0 -82.000000
121.436489 31.024888 0 -82.000000
121.438657 31.026035 1 -94.000000
121.438657 31.026035 1 -88.000000
121.438657 31.026035 1 -86.000000
121.439611 31.025938 1 -69.000000
121.439611 31.025938 1 -71.000000
121.439611 31.025938 1 -69.000000
121.439611 31.025938 1 -70.000000
121.439611 31.025938 1 -72.000000
121.439611 31.025938 1 -74.000000
121.440770 31.026069 1 -65.000000
121.440770 31.026069 1 -67.000000
121.440770 31.026069 1 -69.000000
121.440770 31.026069 1 -63.000000
121.440770 31.026069 1 -60.000000
121.440770 31.026069 1 -56.000000
121.440770 31.026069 1 -63.000000
121.440770 31.026069 1 -54.000000
121.440770 31.026069 1 -55.000000
121.440770 31.026069 1 -53.000000
121.440770 31.026069 1 -51.000000
121.450886 31.030618 1 -80.000000
121.450886 31.030618 1 -77.000000
121.450886 31.030618 1 -75.000000
121.450886 31.030618 1 -72.000000
121.450886 31.030618 1 -73.000000
121.452346 31.032134 1 -73.000000
121.452346 31.032134 1 -71.000000
121.452346 31.032134 1 -69.000000
121.452346 31.032134 1 -75.000000
121.449874 31.035186 1 -75.000000
121.449346 31.035182 1 -74.000000
121.449346 31.035182 1 -72.000000
121.449346 31.035182 1 -76.000000
121.449346 31.035182 1 -78.000000
121.449346 31.035182 1 -83.000000
121.445192 31.034070 1 -75.000000
121.445192 31.034070 1 -77.000000
121.445192 31.034070 1 -78.000000
121.446166 31.034214 1 -79.000000
121.446166 31.034214 1 -80.000000
121.446166 31.034214 1 -79.000000
121.441353 31.032640 1 -76.000000
121.439986 31.032420 1 -71.000000
121.439986 31.032420 1 -75.000000
121.439986 31.032420 1 -73.000000
121.439986 31.032420 1 -71.000000
121.433062 31.029842 1 -80.000000
121.433062 31.029842 1 -78.000000
121.432954 31.029813 1 -76.000000
121.432954 31.029813 1 -78.000000
121.432954 31.029813 1 -75.000000
121.432954 31.029813 1 -77.000000
121.432954 31.029813 1 -79.000000
121.432954 31.029813 1 -81.000000
121.433353 31.027785 1 -76.000000
121.433160 31.027036 1 -66.000000
121.433160 31.027036 1 -68.000000
121.433160 31.027036 1 -70.000000
121.433160 31.027036 1 -72.000000
121.433160 31.027036 1 -70.000000
121.436081 31.024996 1 -73.000000
121.436081 31.024996 1 -75.000000
121.437009 31.024560 1 -67.000000
121.437009 31.024560 1 -65.000000
121.437009 31.024560 1 -67.000000
121.437009 31.024560 1 -69.000000
121.437009 31.024560 1 -71.000000
121.438608 31.026036 1 -87.000000
121.438207 31.026108 1 -87.000000
121.438638 31.026024 1 -93.000000
121.438665 31.026092 1 -91.000000
121.438665 31.026092 1 -90.000000
121.438665 31.026092 1 -89.000000
121.438528 31.025995 1 -92.000000
121.438528 31.025995 1 -86.000000
121.438528 31.025995 1 -91.000000
121.438539 31.026131 1 -85.000000
121.438618 31.026034 1 -91.000000
121.438618 31.026034 1 -88.000000
121.438512 31.026063 1 -90.000000
121.438482 31.026145 1 -90.000000
121.438482 31.026145 1 -88.000000
121.438642 31.026045 1 -90.000000
121.438657 31.026047 1 -90.000000
121.438670 31.026095 1 -88.000000
121.438658 31.026040 1 -90.000000
121.438578 31.026077 1 -90.000000
121.438602 31.026097 0 -94.000000
121.438640 31.026029 0 -94.000000
121.438602 31.026097 0 -94.000000
121.438415 31.026073 0 -94.000000
121.438302 31.026158 0 -94.000000
121.438615 31.026101 0 -94.000000
121.438550 31.026074 0 -94.000000
121.438163 31.026105 0 -93.000000
121.438206 31.026158 0 -89.000000
121.438610 31.026035 0 -89.000000
121.438398 31.026111 0 -89.000000
121.438523 31.026194 0 -89.000000
121.438583 31.026022 0 -94.000000
121.438903 31.026243 1 -80.000000
121.439021 31.026146 1 -87.000000
121.438911 31.026178 1 -87.000000
121.438987 31.026378 1 -80.000000
121.448293 31.031800 1 -86.000000
121.447361 31.030712 1 -85.000000
121.437861 31.034494 1 -85.000000
121.437861 31.034494 1 -74.000000
121.436427 31.023310 1 -93.000000
121.436441 31.023321 1 -91.000000
121.437867 31.034498 1 -80.000000
121.436441 31.023321 1 -81.000000
121.436821 31.024665 1 -82.000000
121.436890 31.024547 1 -71.000000
121.436443 31.023323 1 -69.000000
121.436424 31.023307 0 -87.000000
121.435274 31.035877 0 -72.000000
121.439023 31.026113 0 -95.000000
121.439008 31.026115 0 -81.000000
121.436443 31.023323 0 -81.000000
121.436445 31.023324 0 -85.000000
121.435257 31.035862 0 -91.000000
121.435260 31.035865 0 -86.000000
121.427569 31.023641 0 -86.000000
121.435255 31.035860 0 -96.000000
121.427569 31.023641 0 -96.000000
121.427569 31.023641 0 -90.000000
121.426631 31.022294 0 -90.000000
121.427569 31.023641 0 -90.000000
121.427569 31.023641 0 -81.000000
121.427569 31.023641 0 -82.000000
121.426631 31.022294 0 -71.000000
121.426631 31.022294 0 -69.000000
121.435260 31.035865 0 -76.000000
121.426631 31.022294 0 -77.000000
121.427569 31.023641 0 -74.000000
121.426631 31.022294 0 -80.000000
121.436427 31.023310 0 -78.000000
121.426631 31.022294 0 -78.000000
121.435264 31.035868 0 -80.000000
121.436443 31.023323 0 -80.000000
121.435260 31.035865 0 -80.000000
121.436425 31.023308 0 -80.000000
121.435274 31.035877 0 -77.000000
121.435255 31.035860 0 -76.000000
121.436424 31.023307 0 -76.000000
121.436443 31.023323 0 -76.000000
121.435257 31.035862 0 -76.000000
121.436431 31.023312 0 -76.000000
121.437861 31.034494 0 -76.000000
121.436424 31.023307 0 -81.000000
121.437877 31.034507 0 -81.000000
121.436438 31.023319 0 -81.000000
121.437879 31.034509 0 -81.000000
121.437879 31.034509 0 -79.000000
121.437879 31.034509 0 -72.000000
121.438218 31.029564 0 -72.000000
121.438363 31.029593 0 -72.000000
121.438369 31.029602 0 -72.000000
121.438245 31.029823 0 -79.000000
121.438295 31.029737 0 -79.000000
121.438190 31.029956 0 -73.000000
121.438167 31.030155 0 -73.000000
121.437963 31.030510 0 -73.000000
121.437951 31.030532 0 -75.000000
121.437901 31.030621 0 -75.000000
121.437955 31.030565 0 -75.000000
121.437831 31.030725 0 -75.000000
121.437733 31.030913 0 -75.000000
121.437683 31.031205 0 -75.000000
121.437461 31.031591 0 -75.000000
121.437300 31.031896 0 -75.000000
121.436893 31.032778 0 -75.000000
121.436872 31.032892 0 -76.000000
121.436612 31.033460 0 -79.000000
121.436513 31.033442 0 -79.000000
121.436212 31.033333 0 -79.000000
121.435874 31.033270 0 -79.000000
121.435303 31.033084 0 -79.000000
121.435240 31.033713 0 -79.000000
121.435284 31.033847 0 -79.000000
121.435404 31.034065 0 -81.000000
121.435295 31.034004 0 -83.000000
121.434879 31.033808 0 -81.000000
121.434561 31.033776 0 -81.000000
121.434349 31.034047 0 -80.000000
121.434305 31.034149 0 -82.000000
121.434103 31.034466 0 -82.000000
121.435008 31.034886 0 -77.000000
121.435026 31.034965 0 -76.000000
121.435232 31.035090 0 -78.000000
121.435781 31.035088 0 -78.000000
121.435948 31.034777 0 -78.000000
121.435937 31.034755 0 -79.000000
121.435665 31.033424 0 -83.000000
121.435308 31.033305 0 -66.000000
121.435019 31.032974 0 -66.000000
121.434638 31.032827 0 -66.000000
121.434202 31.032723 0 -66.000000
121.435264 31.035868 0 -66.000000
121.435264 31.035868 0 -76.000000
121.435253 31.035859 0 -85.000000
121.435253 31.035859 0 -82.000000
121.435253 31.035859 0 -83.000000
121.437861 31.034494 0 -83.000000
121.437874 31.034504 0 -83.000000
121.436912 31.037834 0 -76.000000
121.435257 31.035862 0 -76.000000
121.437870 31.034501 0 -82.000000
121.437870 31.034501 0 -83.000000
121.437870 31.034501 0 -75.000000
121.436438 31.023319 1 -84.000000
121.437906 31.034143 1 -70.000000
121.437906 31.034143 1 -66.000000
121.437906 31.034143 1 -77.000000
121.436983 31.037745 1 -77.000000
121.437906 31.034143 1 -77.000000
121.437906 31.034143 1 -79.000000
121.437906 31.034143 1 -97.000000
121.437906 31.034143 1 -93.000000
121.449278 31.019813 1 -96.000000
121.437916 31.034152 1 -95.000000
121.458674 31.037599 1 -95.000000
121.437916 31.034152 1 -96.000000
121.437916 31.034152 1 -95.000000
121.437916 31.034152 1 -96.000000
121.438255 31.033963 1 -79.000000
121.438255 31.033963 1 -64.000000
121.438255 31.033963 1 -75.000000
121.438255 31.033963 1 -89.000000
121.438255 31.033963 1 -97.000000
